,0,1,2,3,4,5,6,7,8,9,10,11,12,13,14
0,0.0330252128078,0.360599620928,0.0606949857008,0.0624801323391,0.0260987464669,0.0243842302756,0.000762007196112,0.00133351259319,0.095441401313,0.73120413149,0.041338890389,0.0225554130049,0.405088979051,0.119027012686,0.368457327393
1,0.0260013121953,0.100613773278,0.0542636080599,0.00904393467664,0.0763470502684,0.0598929446071,0.0,0.0,0.0269847332845,0.669251166071,0.0173755355783,0.0868776778917,0.496831899099,0.126200616081,0.5074593194
2,0.0874171364197,0.34111686929,0.106420861728,0.0370572643518,0.0704251152238,0.0529685860553,0.000171142442828,0.00102685465697,0.060755567204,0.664601525172,0.0528573434675,0.0645463723127,0.461199540248,0.0561760112414,0.432810713942
3,0.0454968397754,0.389250740301,0.0353864309364,0.0515630850788,0.0194001337489,0.0248009035838,0.00419270289812,0.0639564848866,0.135374559676,0.675266276623,0.0355526993208,0.0675096229358,0.399091007677,0.23263951181,0.379310364411
4,0.0529463969957,0.306872994832,0.14155057156,0.0313356227117,0.0605768251181,0.0266538030519,0.0,0.0,0.0428076230835,0.602014426482,0.0212422733414,0.0293191833572,0.458104292213,0.0783109817774,0.544123440207
5,0.0668711325141,0.256640562622,0.0741004441373,0.0460868615976,0.0286828201969,0.0328131463052,0.000688387684725,0.000229462561575,0.0520880014776,0.753053294078,0.0259981082264,0.0286828201969,0.44561824581,0.0784083123575,0.379637394725
6,0.0547858560428,0.151714678272,0.0621608751255,0.0474108369601,0.0676861031419,0.021202875683,0.0,0.000815495218577,0.0285423326502,0.74628169289,0.0462385788933,0.0174515976776,0.375489074516,0.213041663871,0.465043416282
7,0.0528887710808,0.471516840483,0.180180389614,0.0349603741042,0.0739346865249,0.00633030246865,0.0,0.000162315447915,0.0095766114269,0.644382963794,0.0172865952029,0.048483624292,0.420555922451,0.120416254248,0.355447672127
8,0.0997280382775,0.464154794974,0.120232868578,0.0251650190046,0.0645805847639,0.0497126408071,0.00347137017493,0.00458482853294,0.0856707960154,0.595434801886,0.0488742721611,0.0615807969523,0.470492844319,0.0620833641678,0.399461532425
9,0.0108451182783,0.477185204245,0.202803711804,0.0488030322523,0.104837733157,0.0643503233112,0.000874973493724,0.005488470097,0.0800203031533,0.518525576728,0.0406067244133,0.0707217212063,0.430270289968,0.199779158337,0.454462379526
10,0.066702398126,0.210740910021,0.110203962121,0.025134236975,0.078322391478,0.0239518016752,0.0,0.000239518016752,0.0189219233234,0.70986561993,0.0164788395526,0.0371731961999,0.519745213094,0.0565745043754,0.390381704647
11,0.103983514148,0.344157825586,0.194163906948,0.0699358148249,0.0770389665929,0.00497025590923,0.00195260053577,0.00514776504884,0.0108280575165,0.677904776215,0.0134196909549,0.0569271810745,0.490495860892,0.100495397681,0.329216831229
12,0.0325021732657,0.292519559391,0.141541722286,0.0398413736806,0.0480747721979,0.0183491496939,0.00844060885918,0.0344964014244,0.0822041906286,0.703758943888,0.0287714667199,0.0320376153654,0.361846733567,0.250281074017,0.436329394537
13,0.0483535022138,0.314812163349,0.109052579461,0.0781886418776,0.0867519332051,0.0290316087406,0.000800083705449,0.00102867904986,0.0699501753907,0.674997695972,0.044073182403,0.0779510124452,0.395114172118,0.163949094049,0.469734653276
14,0.0604346151179,0.289222800922,0.138136263127,0.0345340657817,0.128287515976,0.037112382925,0.0,0.000713699671635,0.0603076222532,0.62407294475,0.0188595138229,0.0817007699104,0.517107425348,0.12438047976,0.43770165057
15,0.00933666610648,0.233416652662,0.0663940700905,0.0259351836291,0.0924338249113,0.0394584570154,0.0,0.00027306890668,0.103083512272,0.715278414025,0.0292047195695,0.0462988331277,0.348009179842,0.192619484833,0.49677868049
16,0.0204850005422,0.394092391384,0.141444051363,0.0507247632475,0.0648699528764,0.0308712372942,0.010693958017,0.010189526035,0.0706204774704,0.679430527398,0.0274915430153,0.0469525288782,0.31424717536,0.209420107518,0.451808933419
17,0.0053688550802,0.27381160909,0.137442690053,0.0386557565774,0.0774233033848,0.025181365664,0.000375841278567,0.000375841278567,0.00451009534281,0.64925689342,0.0204833496819,0.0858045638968,0.468405642853,0.121009137663,0.484356235526
18,0.034429671913,0.276450012713,0.049619233051,0.0405054963682,0.0550475708276,0.0256335421945,0.0123557361657,0.0437061115114,0.0905472605574,0.719795911991,0.0286671520441,0.0711930141307,0.370540166761,0.185222701459,0.456874540984
19,0.0515457791379,0.313317481034,0.122294887758,0.0192033294827,0.0920460042897,0.0526680345401,0.000246112310935,0.00147667386561,0.0844165226508,0.651997451946,0.0335451079805,0.0426020410229,0.502243118058,0.0870144185009,0.421444015164
20,0.0326534902635,0.255105392683,0.133675225766,0.0387760196879,0.0544034010831,0.0126202247026,0.00852717885315,0.00477522015776,0.0226822957494,0.724851184727,0.0436250470127,0.0324885514305,0.397933714375,0.188181661523,0.434306194834
21,0.0674637084407,0.326563458249,0.118305923497,0.0684414433456,0.0440729328513,0.0433856356528,0.000859121498075,0.00283510094365,0.0913246152454,0.707277816214,0.0520283979235,0.0426983384543,0.334874276148,0.190275732707,0.452584896082
22,0.0234040207206,0.249642887686,0.0869292198192,0.0367777468466,0.0663462412778,0.0400478134028,0.00512873904614,0.0338278532831,0.0308815563842,0.678437981602,0.0693034503874,0.0285572554973,0.407448598619,0.215246806897,0.491781771653
23,0.0410119954541,0.283082797891,0.096028086917,0.0280081920175,0.0467266961173,0.0355652585833,0.0,0.000378353814715,0.0109722606268,0.703262463321,0.0287927252998,0.0332383826228,0.393888039315,0.117346719688,0.48905781305
24,0.021664306653,0.370177065853,0.222294624787,0.0697025518401,0.0714293812597,0.0221249885878,0.0,0.000667564310839,0.0388140963587,0.653247518419,0.0452417870088,0.0555127407627,0.434985432899,0.092909097715,0.414031845603
25,0.0207337879939,0.411971352748,0.103668939969,0.0486793283335,0.0568440059051,0.00988591407048,0.00439373958687,0.000823826172538,0.0513518314216,0.6981966119,0.0200189759927,0.0337219513292,0.332584974188,0.127433950998,0.441450118025
26,0.0957384260233,0.489846121498,0.205419341273,0.0576289554704,0.101508363214,0.0365400339724,0.0002976784845,0.000818615832375,0.00513495385763,0.562801451918,0.0217305293685,0.109865686666,0.423212022626,0.0841162492556,0.422171009899
27,0.0649611427035,0.376042671143,0.147306253173,0.0393426638909,0.0506424460652,0.0208137801891,0.00331429620846,0.0137874722272,0.0756985254011,0.709162043257,0.0229084153929,0.0476198079231,0.379148918259,0.147068874009,0.388727879612
28,0.0667789528511,0.445193019007,0.115169498395,0.0445193019007,0.0803745586397,0.0753301302733,0.000168147612217,0.00159740231606,0.0935741461988,0.575827794332,0.0293669804737,0.0472242568912,0.39268800545,0.056317944524,0.518804960911
29,0.0768999133515,0.25376971406,0.0856884748774,0.0615199306812,0.0727173062917,0.0518353352347,0.0107181798346,0.0479546149497,0.0540528896831,0.693615205493,0.0569172308459,0.0576194564212,0.441129484274,0.270076591348,0.387364115114
30,0.0309990616482,0.39842911589,0.196935215177,0.0829680767644,0.0559924377606,0.0287308135448,0.000326486517555,0.00130594607022,0.041790274247,0.678556261444,0.0352605438959,0.037921409014,0.370339148006,0.125629399216,0.415768560079
31,0.112360746434,0.472445973193,0.159251451638,0.0389281326227,0.0608372609807,0.0259995628733,0.0,0.000171614276391,0.00351809266602,0.623108930186,0.040655422077,0.0137463035389,0.422045370603,0.061583274453,0.401101641822
32,0.0337793165149,0.10616356619,0.0615266122236,0.00723842496748,0.0911054633983,0.103093024372,0.0,0.0,0.0755216341328,0.57753390698,0.0342844243841,0.0592185512089,0.483471014369,0.110637567552,0.612295579326
33,0.0460700566533,0.128996158629,0.078830985829,0.0184280226613,0.0401452078979,0.0409562221989,0.0,0.0,0.0393341935969,0.751837730106,0.0115569537888,0.0420916422202,0.415452282542,0.154078675998,0.454248078201
34,0.0685690496429,0.269307426859,0.125213047174,0.0467064541046,0.0706784501438,0.0180888914774,0.0,0.000119793983295,0.0128179562125,0.696891286902,0.0191790167255,0.0571656888282,0.469627045385,0.100466093698,0.423661203568
35,0.0448955781891,0.378684442117,0.178606321926,0.0566074681515,0.108622389899,0.0521936878757,0.0,0.000457839367331,0.0322776753968,0.667146885057,0.0378060857573,0.0590040484648,0.344455073513,0.181885380728,0.449650375957
36,0.0590149689338,0.2671203857,0.145984396836,0.0383079622903,0.074672897278,0.0261355140473,0.00294761436624,0.00108079193429,0.0669108461135,0.699624487499,0.0267839892079,0.0592077472365,0.364212233482,0.194010092287,0.477128006403
37,0.0211156023853,0.291779232961,0.113256412794,0.0508694057465,0.0631158440957,0.0158042884092,0.00891523961544,0.0562267953019,0.0507560800833,0.747149785,0.0217106346544,0.0415369118447,0.397254007491,0.202265051331,0.360281049601
38,0.042783150429,0.127305959813,0.0469571163246,0.00730444031715,0.0768327710003,0.0150133000805,0.0,0.0,0.00264940589656,0.701095834013,0.0236680260093,0.0438035108231,0.551612454036,0.0811582916824,0.410720728161
39,0.0138535809781,0.0981295319281,0.0438696730973,0.0277071619562,0.118788978648,0.0377043515844,0.00608134702973,0.0158115022773,0.0948690136639,0.643767132678,0.044393833317,0.0887876666341,0.552135473764,0.139729616211,0.462599991532
40,0.0705672781356,0.293202071127,0.16300047344,0.0506891716186,0.0734319357769,0.0314023403268,0.0033559753021,0.0100679259063,0.0119057219051,0.702146020522,0.0321214778916,0.0328006633693,0.451040857702,0.154436395488,0.388428072663
41,0.0742939064794,0.408616485637,0.150399859458,0.0298987672417,0.0693609492668,0.0385403098855,0.0,0.000290213176848,0.0359864339292,0.673642646788,0.0210056297403,0.0377625385715,0.414327986355,0.0906122184888,0.401083044905
42,0.0192323195174,0.216363594571,0.117797957044,0.0420706989443,0.0972461442147,0.0468222175848,0.0,0.018008545225,0.0144068361799,0.601009984919,0.020169570652,0.0857206752707,0.529581427287,0.17893214437,0.49350639818
43,0.0160231596241,0.319461745005,0.0821186930734,0.0430622414897,0.0507527716973,0.0383235214857,0.0,0.000517885425483,0.00258942712741,0.684533718117,0.0305034515609,0.0196796461683,0.409141298028,0.10598994952,0.486316228957
44,0.0440660104624,0.174305552496,0.069526372063,0.00979244676943,0.0479483256715,0.0454357496538,0.00041876266962,0.034129157574,0.111181488784,0.767361325792,0.0232413281639,0.0551301054554,0.374931921443,0.181196851365,0.423115904136
45,0.0627397262811,0.423750282423,0.136793173695,0.0442263644277,0.0673700531946,0.0427965501851,0.00331328130465,0.00690266938469,0.159658742868,0.597927230845,0.0294536902645,0.0742658199099,0.363235708612,0.179721424188,0.485562970169
46,0.0340979150706,0.186535653033,0.111319663907,0.0140403179703,0.0520793250649,0.0226080790979,0.0,0.000807431396354,0.0508681779703,0.723933140378,0.0205087574674,0.0222851065394,0.487107731246,0.0992037236976,0.416568400074
47,0.0642563204543,0.376501877662,0.115460575816,0.103412515731,0.0813629139116,0.0400517130401,0.00875344042857,0.0353916080637,0.0385403276423,0.677058089823,0.0487925585903,0.0751410440242,0.421133174269,0.239493279977,0.343378552852
48,0.0783095503812,0.197834653595,0.12776821378,0.0236989428785,0.0705383263215,0.0227825650231,0.0,0.0,0.00876252500889,0.711300669846,0.0135819137638,0.066069438567,0.427275731202,0.132240725549,0.470872364055
49,0.0764813632664,0.237494759617,0.188184406984,0.0523293538139,0.0993357692406,0.0431894648872,0.0,0.000479882943191,0.020155083614,0.677877580121,0.0413659097031,0.0650721270968,0.481653177271,0.100541683238,0.424138866681
50,0.0300145246058,0.0716475748656,0.0532515759136,0.0164595780097,0.0843414101229,0.0265073003243,0.0,0.0,0.00722926372482,0.753052588677,0.0,0.0554243552236,0.514444255792,0.0765070944511,0.377259120914
51,0.0979343189216,0.317824582161,0.102553862267,0.0461954334536,0.0618678410648,0.0314334745285,0.00776230055595,0.0168311269481,0.0736265735901,0.724675516439,0.0464969488748,0.0282593852913,0.396107287078,0.119225727163,0.40857565483
52,0.0887338500312,0.191627356982,0.118941118127,0.0415349936316,0.0933907562724,0.0372428724406,0.000189050113912,0.000378100227823,0.00983060592339,0.754030510774,0.0137061332586,0.0455421724414,0.473360938401,0.126466249612,0.344149939979
53,0.0780171002651,0.451728642276,0.23597764895,0.0597167927955,0.0772558764825,0.0191422893951,8.58398627584e-05,0.000429199313791,0.0242068412979,0.601235992381,0.077178620606,0.0494265929762,0.33125648894,0.166950518616,0.464967069791
54,0.0706039448854,0.357664720801,0.0910419289312,0.0380889702671,0.0481619160957,0.0254702440891,0.00750214462259,0.0481619160957,0.0272300064079,0.715786326492,0.0424843671405,0.0268595301302,0.392383323356,0.129659921694,0.406956029758
55,0.0276709616056,0.313235285376,0.130606938779,0.109577007958,0.105392106636,0.0530832654667,0.00696981867534,0.0259080128538,0.0450574136588,0.661479256848,0.0366584301439,0.0427200603253,0.383163977533,0.307125676064,0.416548810628
56,0.0722725037587,0.271485174376,0.104702473394,0.0352096813184,0.0317254258493,0.0200371110627,0.0059833039979,0.00208719906903,0.135528792883,0.760854208729,0.0322402682864,0.0384322921912,0.382106954148,0.190340655315,0.354122951548
57,0.0403609814785,0.237120766186,0.131173189805,0.0454061041633,0.106501394864,0.0368730664118,0.000374345851896,0.000561518777845,0.0061767065563,0.699996140491,0.0365548724377,0.0631708625076,0.389529741767,0.121075589298,0.498419205896
58,0.0169551248041,0.239366467822,0.113699072215,0.021941926217,0.077814569003,0.0270909980974,0.000576404214837,0.0031702231816,0.0870370364404,0.736938431026,0.0189636986682,0.0729727735983,0.366228831591,0.187928499164,0.443202951837
59,0.0217541924221,0.148135691256,0.0590470937173,0.0424724709194,0.0682425824903,0.0320019563852,0.000211933485995,0.00296706880393,0.0762960549581,0.731547462404,0.0236941637342,0.049210955448,0.41497119729,0.140691890633,0.480250836941
60,0.0871515488322,0.352567629367,0.0713058126809,0.0534793595107,0.0458373043371,0.0658958917593,0.000228805179719,0.00556759270651,0.0875561154393,0.657131999216,0.0586122602049,0.0746133691066,0.465788815891,0.10315479992,0.421414893646
61,0.0113751569132,0.100308201871,0.0610122052616,0.014477472435,0.0507219524322,0.0419767882198,0.0,0.0017490328425,0.0122432298974,0.689403449284,0.0388285291033,0.0323571075861,0.441474134576,0.0383890551806,0.554241984169
62,0.162601192167,0.21443032217,0.12703218138,0.0345527533355,0.0471657381758,0.0235828690878,0.0,0.0,0.0200891107045,0.696324549789,0.00882173991805,0.0295222583397,0.46086670026,0.112437597175,0.442953153608
63,0.0286703823562,0.448552756218,0.130403997169,0.0416182969687,0.0493325757208,0.0304902724941,0.0193561842238,0.0601240766598,0.0423095354272,0.662740257302,0.040208333128,0.0772191844964,0.374976139881,0.1494271847,0.400447719168
64,0.117798637162,0.281063414982,0.164298099199,0.0413328551444,0.0908347766166,0.0802472808672,0.0017810740513,0.0066295534132,0.0719356019611,0.634370846349,0.0225800610282,0.0831365787727,0.491332750776,0.0972408940305,0.444747733804
65,0.0516207089636,0.313938189207,0.112722772635,0.0305510318356,0.0496533615505,0.0381377440338,0.000247647688531,0.00173353381972,0.0380139201896,0.668878638984,0.0196136969317,0.042731608656,0.416287943138,0.154500470969,0.482695442293
66,0.112954670849,0.285948310888,0.253384802174,0.0162817543566,0.0800277338611,0.0399760108597,0.000151424283559,0.000151424283559,0.0227893546757,0.619196402737,0.0192081703695,0.0420050962593,0.486630751165,0.0795222694598,0.451456626662
67,0.0614239094647,0.342873763281,0.157685260118,0.0302535673483,0.0787102802635,0.0313720690018,0.00266102370998,0.0198876508851,0.0981777695102,0.699131951823,0.0235430571393,0.0648869623595,0.416918462844,0.102679162782,0.397177142503
68,0.129364570139,0.309440051773,0.172831065706,0.0238030809056,0.0481478197857,0.0516464502892,0.000166601452545,0.00058310508391,0.0582272076647,0.616805394491,0.0228160689261,0.0524378071888,0.478325580721,0.0766933543397,0.479897626052
69,0.152995597983,0.272811427729,0.185253705992,0.0156682238898,0.14680279509,0.0384300510706,0.0,0.000768601021411,0.0284382377922,0.694237574951,0.00745542990769,0.06425504539,0.469500948857,0.0938689435212,0.358290336436
70,0.0399876194134,0.315902193366,0.14795419183,0.0409873098987,0.106228426514,0.0479788611465,0.000293448692027,0.00132051911412,0.0302252152789,0.687088857381,0.0263370201095,0.0874036929203,0.38758792968,0.160189641037,0.451912914618
71,0.0930174341341,0.38992156733,0.179457877976,0.0366432316286,0.0717172661511,0.0421751944574,0.0,0.000388711469654,0.0645261039625,0.64926447562,0.0227396209747,0.0463149716092,0.468124683124,0.093952475982,0.377492882652
72,0.019653818632,0.250040248152,0.149587397366,0.0316644855738,0.0631679350253,0.0177886713577,0.0179096827275,0.0989873004802,0.0648620942022,0.680008596965,0.0185752452613,0.0560645676192,0.419562562446,0.219658484488,0.452657765957
73,0.0806696453385,0.37309710969,0.184256803557,0.0412515231845,0.0715699502933,0.0617703724839,0.0,0.000110107615836,0.0129926986686,0.684145222266,0.0135322259862,0.0321954668704,0.416305066495,0.105715938514,0.394679510202
74,0.118068186987,0.303472136866,0.123602633253,0.0249050081927,0.045471601518,0.024351239234,0.0110687451064,0.0180689784979,0.0685663886048,0.748256075556,0.0125286228393,0.0278513559298,0.405610202441,0.182978587299,0.3338189211
75,0.0434523022591,0.285675774427,0.07026329727,0.0526974729525,0.0321533043379,0.0131097163609,0.00965979100275,0.0307733341946,0.0921820055695,0.772142959766,0.0301109485258,0.0241770769099,0.346905678215,0.207605930971,0.370005460156
76,0.0147506750883,0.221260126325,0.144345891936,0.02528687158,0.132085114492,0.0658380911247,0.0,0.0,0.0226957394871,0.657286000877,0.0178498924074,0.0815819824805,0.447968667036,0.0979189572652,0.507732024866
77,0.01411598803,0.099820201069,0.0584805218384,0.0221822669042,0.072675715587,0.0126131407218,0.0,0.000600625748654,0.00120125149731,0.756213644462,0.0165772706628,0.0497318119885,0.454041318621,0.12525277755,0.428990763111
78,0.107694810823,0.491464414469,0.194876324346,0.0384624324367,0.074532426591,0.00555339649109,0.0,0.000243570021539,0.000633282056002,0.628186196729,0.0112578063956,0.0748052250151,0.363718401543,0.0895382453071,0.401464073966
79,0.0477085299053,0.467183528695,0.189033797738,0.0252045063651,0.0839935293317,0.00479340504617,0.0,0.0,0.00206987945175,0.616661978389,0.0141732271933,0.0525749380745,0.436109522945,0.0663274095523,0.397724009113
80,0.0296730155747,0.130970551502,0.112552817697,0.0347890527427,0.0480438887741,0.00917692257483,0.0,0.00053981897499,0.0124158364248,0.727015808091,0.0226184150521,0.0196494106896,0.485131635987,0.101742093746,0.436333703877
81,0.0324293545069,0.388138836754,0.109449071461,0.059791622372,0.10178858399,0.0338325171947,0.00225550114631,0.00516582520608,0.100042389554,0.661182165651,0.0658169786115,0.102719887689,0.346931218751,0.241896485704,0.424589623885
82,0.0456609452405,0.436207753468,0.291452841961,0.0291452841961,0.0717040569837,0.049768616752,0.000724283403876,0.000620814346179,0.0685999852528,0.571538075784,0.0258879582356,0.0490546802539,0.464519020102,0.120287658576,0.386702794523
83,0.0276049783628,0.240265552417,0.175853936237,0.0480531104834,0.0691222985763,0.0180123253619,0.00180123253619,0.000900616268096,0.00743008421179,0.697756167148,0.0113027341646,0.0883054250867,0.470959951612,0.144430005977,0.40701664844
84,0.0864275270951,0.321307041907,0.196241326228,0.0437221607658,0.0859390300714,0.0303606998128,0.000165905463458,0.000663621853833,0.05325565377,0.685791179336,0.0239650441966,0.0527828231993,0.34646349031,0.236810935364,0.43352001074
85,0.0361749816813,0.265600523397,0.108524945044,0.0171355176385,0.0782846687476,0.0134428219062,0.0,0.0,0.0233272497783,0.730979423072,0.0311557166531,0.0398935508921,0.421777638259,0.100963768932,0.429231794949
86,0.0154658446877,0.273552127914,0.139192602189,0.057996917579,0.0834349696086,0.0622649026929,0.0,0.000933973540395,0.0146322521329,0.713977205044,0.0263691862905,0.0442703458147,0.416469728212,0.110843098594,0.439302466178
87,0.0965692909753,0.387252611285,0.160948818292,0.0702322116184,0.0939814609494,0.0444850721639,0.000154194357587,0.00084806896673,0.0589793417771,0.646891004386,0.0229903787163,0.0700196577804,0.424239692459,0.13455704225,0.41665064888
88,0.0760348028973,0.48780769651,0.157994395631,0.0819595927335,0.125734824268,0.0555605315547,0.0010589681999,0.0184966445582,0.0713744566732,0.544413635607,0.0481336345794,0.137708224715,0.437680916881,0.133671403594,0.416112652217
89,0.0571063945933,0.134607930113,0.0683237221027,0.0418100388987,0.0426482221235,0.038055336664,0.0,0.0,0.0288695657452,0.74982135758,0.0236205537914,0.036808696325,0.431443743137,0.144560579845,0.443752723327
90,0.0482478915073,0.442443430631,0.204283625744,0.0872568250664,0.124083197852,0.0520189515455,0.0,0.000141164047613,0.0275269892846,0.559551479313,0.0371543773318,0.0740264265684,0.456176531498,0.138573165512,0.431801186123
91,0.0594019863237,0.359382017258,0.107913608488,0.0871229132747,0.0555042567952,0.0164586755166,0.0219740827376,0.0267015746412,0.0221491750302,0.715891944216,0.0283124237343,0.0372421306635,0.314901172275,0.312188490193,0.362943442927
92,0.125875939954,0.442364017554,0.184318340648,0.0800211332567,0.0798127788743,0.0548279089659,0.0,0.0,0.00763426580538,0.631586114145,0.0324340626034,0.0424974129833,0.453112721272,0.096253640356,0.34974749519
93,0.0892329360459,0.394607872736,0.230022679585,0.0475908992245,0.0903303786622,0.0254528045391,0.0,0.0,0.00779830607156,0.634605050528,0.0236873546923,0.0544473397524,0.442949419294,0.175816135019,0.372711512863
94,0.0739968232045,0.190433000894,0.118612554842,0.0413511659084,0.129501052901,0.0273448438396,0.0,0.000515940449803,0.0149622730443,0.651569703235,0.0220306572066,0.0535546186896,0.511599616317,0.102713798075,0.473875162145
95,0.105082950736,0.35412954398,0.193352629354,0.0283723966987,0.059715529811,0.0713840816131,0.0,0.000915180533502,0.0782479356144,0.60985641052,0.0285307531319,0.0318482825659,0.487063565665,0.139274582511,0.424491359182
96,0.0573403158268,0.378021341377,0.187948812988,0.0817630429382,0.0777875704285,0.0262267992119,0.00803544486492,0.00770063466221,0.0313605556533,0.640192468706,0.0293851754574,0.0396638486805,0.316202140622,0.290099636888,0.455555922987
97,0.0300844259113,0.0842363925516,0.0300844259113,0.0110309561675,0.0598695043011,0.0161187126964,0.0,0.0,0.0322374253929,0.764048912033,0.0354611679322,0.0709223358644,0.337413047502,0.158339083744,0.507062065798
98,0.148979500723,0.431946854298,0.186458620402,0.0337312077109,0.0982576583169,0.0460159832337,0.0,0.0,0.0251734496514,0.580505519463,0.00600914604581,0.075574485405,0.500497039168,0.0532748691813,0.383206083619
99,0.0384505036263,0.0581446640203,0.0253210633637,0.0131294402626,0.0500272542522,0.012506813563,0.0,0.0,0.0312670339076,0.755463824637,0.0187602203445,0.082544969516,0.530839902802,0.0482581729821,0.358719085833
100,0.0197432919669,0.0706602028289,0.069621082199,0.0103912062984,0.124307401456,0.00796842317029,0.0,0.0,0.0175305309746,0.706602028289,0.0210366371695,0.0701221238985,0.574513809766,0.107409103564,0.357197716506
101,0.0608747982561,0.255674152675,0.123778756454,0.0517435785176,0.0754525829721,0.0166195116679,0.00365629256693,0.00398868280029,0.0458698522033,0.735897060463,0.0201428481415,0.0412163889363,0.442209923707,0.256007005796,0.316363041431
102,0.0798040343675,0.3054568212,0.166029082994,0.0284359202919,0.0870122331328,0.0255448757821,0.00133046228032,0.00204004216316,0.0219969763679,0.717503768035,0.0149100472881,0.0531741424701,0.405088000369,0.0978158212125,0.414383929768
103,0.0412954536137,0.241419574973,0.111180067422,0.0232948712693,0.0971000843959,0.0279530545988,0.0,0.0,0.0313858858653,0.679760553312,0.0256971940523,0.0755222878634,0.485801410588,0.132783990218,0.440272384162
104,0.0457464381017,0.412734530429,0.242964415696,0.0325308004279,0.119100298817,0.0378955496238,0.00491392841275,0.00158245152275,0.0555523771407,0.575675637975,0.0138506151702,0.0611076148548,0.431252922358,0.125159020849,0.460175570165
105,0.0597689401761,0.390426141473,0.220759472586,0.0289204549239,0.0720874567711,0.0315255230366,0.0,0.000135885875157,0.0129771010776,0.661099704619,0.0130722211901,0.0578194398796,0.365797499991,0.16727884143,0.43093882271
106,0.0775286344395,0.442600178889,0.21099565069,0.0264971282262,0.0886524462461,0.0404769450184,0.0,0.000158733117719,0.0278576621597,0.570463284716,0.0118653005495,0.0639376998172,0.477320223927,0.0816279507567,0.422426944804
107,0.0228828628017,0.0728091089146,0.0540867666223,0.0353644243299,0.0944505573038,0.0281009922557,0.0,0.0,0.0124893298914,0.759645598628,0.0168605953534,0.0421514883835,0.395664118211,0.186601418195,0.457864590943
108,0.142317679575,0.437900552539,0.209827348091,0.0164212707202,0.0532250291662,0.0120771652526,0.0,0.000106877568606,0.00662640925362,0.623685438435,0.00749211755934,0.0566344236047,0.439812956399,0.0889854478252,0.383494413565
109,0.0438150487595,0.341757380324,0.105156117023,0.0755809591101,0.0641373165914,0.036814984813,0.00569559182086,0.0333481028352,0.0924501860776,0.647036185169,0.0389281319234,0.0612812662,0.382841813764,0.244454364779,0.468080040444
110,0.0483049573818,0.451793424924,0.181853957202,0.0464106453277,0.0746774068731,0.0572043437114,0.0,0.00137754439863,0.0925129817184,0.599965079623,0.0340035959451,0.0382449826461,0.400456900938,0.0882385095127,0.458460616644
111,0.0356949055937,0.334234116014,0.0703081473816,0.0551648540994,0.073885306025,0.0369426530125,0.0214981405135,0.0291815914553,0.0517662805868,0.678674484588,0.0303767949351,0.0604198642231,0.298407319403,0.331440637625,0.451815848842
112,0.0240816373053,0.22406392971,0.100514660057,0.0397870529392,0.0576437414089,0.0695027402925,0.0160621883613,0.0250690229565,0.0120091127935,0.727811944011,0.0299477250289,0.0462500956461,0.393496107013,0.210129622523,0.443401979391
113,0.0669732635955,0.39698644653,0.243627379166,0.063090755561,0.120388052162,0.0444260286764,0.000243208186185,0.00105390214014,0.0180784751731,0.639877046118,0.0226183613152,0.0705222670542,0.366678096032,0.187893216664,0.416055695936
114,0.0324956751435,0.114984696662,0.0612418493089,0.00999866927493,0.115005288085,0.0310331729752,0.0,0.0,0.065717307477,0.604086268693,0.0149689422586,0.0898136535519,0.604850692949,0.23219386791,0.412789098506
115,0.0364656616608,0.385768315464,0.11803358906,0.0431830203878,0.059408419941,0.0320022434065,0.00697921265782,0.0309808952128,0.0607702175327,0.699724867395,0.0267082552685,0.0389303886547,0.38178268156,0.188297009617,0.389542984106
116,0.0250002433984,0.0771746644037,0.0500004867968,0.0097827039385,0.0668532569209,0.00742813965788,0.00185703491447,0.0557110474341,0.0204273840592,0.715109937025,0.0297125586315,0.0118850234526,0.43030963167,0.14177831795,0.514879154657
117,0.0592464151314,0.313303076627,0.204852011641,0.0341420019401,0.050318411583,0.0278826249751,0.000129686627791,0.00168592616129,0.0513559046053,0.693111449439,0.0314619759021,0.0222671939918,0.398013723151,0.190763575788,0.415399228712
118,0.0278572841834,0.246258392181,0.0858004352848,0.00780003957135,0.115328901148,0.0411888932672,0.00411888932672,0.0411888932672,0.028832225287,0.668574820401,0.0378937818058,0.0659022292275,0.537318616524,0.235172462213,0.341800288599
119,0.0276742315144,0.226335679171,0.119592214759,0.0247091352807,0.0822753522577,0.00839544410793,0.0,0.0,0.000839544410793,0.733786441669,0.011585712869,0.0499528924422,0.426144305922,0.130220329538,0.432000775768
120,0.0117893411627,0.0962796194957,0.0491222548447,0.0294733529068,0.0986606783693,0.0166569976468,0.0,0.0,0.0153756901354,0.774620172552,0.0366453948228,0.0266511962347,0.433871692537,0.139636866563,0.408936537793
121,0.139271613493,0.411227669572,0.122333174014,0.0743409288242,0.0902068442581,0.0446349889616,0.00260984193328,0.00803028287164,0.0979694510344,0.669864765353,0.0268144528889,0.0988527821501,0.364915336255,0.207802917404,0.368306161837
122,0.0497561505484,0.353370212058,0.135052408631,0.0507715821922,0.0796036530965,0.0173238165911,0.00171806445532,0.0010022042656,0.0409472028518,0.696044250444,0.0218337357864,0.0679780836154,0.28179840288,0.314735482565,0.4188977584
123,0.067762657891,0.438940201861,0.26700509975,0.0536032965407,0.111812803754,0.0285344584248,0.000211366358702,0.000634099076107,0.0382573109251,0.577933116342,0.0235039390877,0.0660519870945,0.465685949438,0.205334440949,0.34036256321
124,0.0850605391299,0.523168047122,0.277132724262,0.0713410973348,0.117821153652,0.039570964566,0.0,0.00061307128201,0.00730112163121,0.515188302315,0.00955276524878,0.074638641897,0.427425638625,0.0867439962505,0.400459818134
125,0.166116712843,0.332233425685,0.172799569106,0.0429612188386,0.097311658392,0.0521761475872,0.0,0.000251451313674,0.0165957867025,0.673669731444,0.0296209647508,0.0558599093326,0.479302311327,0.144702215398,0.330689225243
126,0.0670930774101,0.303732174762,0.159572724651,0.0271998962473,0.0893789972551,0.0371082443961,0.0,0.000133004460201,0.0430934451052,0.716425838658,0.0263348831198,0.0576973348352,0.417068089799,0.0793688220415,0.410226296405
127,0.100708174378,0.330607643159,0.132243057264,0.0559489857655,0.0966475000622,0.0375653259774,0.00653826876189,0.022586746632,0.0154540898009,0.694064122659,0.0213385316865,0.0528054360733,0.413626279665,0.230555794392,0.373072212588
128,0.0480608588001,0.32894987801,0.0971897366847,0.0534009542223,0.0408874939566,0.0462792514014,0.0262848175435,0.0298793225067,0.071665442704,0.671899330122,0.0157484248701,0.035765324384,0.415688565108,0.20760926075,0.444721258588
129,0.03909804549,0.313841067852,0.159562293757,0.0433248612187,0.0807867176412,0.0468241423145,0.0034163537311,0.046321737354,0.065111682875,0.630385519761,0.0440207226351,0.0491753975294,0.443728929242,0.118052405682,0.494922597238
130,0.0913016712375,0.321028456932,0.193402464879,0.060867780825,0.0811270165401,0.033670761752,0.0,0.0,0.0159814122808,0.639746340643,0.0131511163654,0.0315968380209,0.529240695973,0.0735970867083,0.378900617722
131,0.0693472463216,0.187815458788,0.110762962875,0.0173368115804,0.0893404055815,0.0393703482224,0.0,0.0,0.0102211480962,0.718773282769,0.0156724270808,0.0801035161908,0.475298083059,0.0575117291045,0.430346386747
132,0.0769799888531,0.162282138663,0.111308902801,0.0166443219142,0.0820242123078,0.0117177446154,0.0,0.0019529574359,0.0019529574359,0.723666170182,0.015233068,0.067181735795,0.519394797733,0.175778597004,0.3450967249
133,0.076706240936,0.374061298392,0.0880701284821,0.0956460535128,0.0555229149024,0.0152688015982,0.0056126424847,0.0426078020882,0.0120098478974,0.714108239503,0.0690475727607,0.0416663265746,0.315650087667,0.224571302226,0.406769238947
134,0.0295369386572,0.141967866449,0.086705207026,0.0666963130969,0.0492037679912,0.0175051866892,0.011827828844,0.0316985813021,0.0231825445343,0.773290586631,0.021763205073,0.0279136760719,0.504319449625,0.159210689862,0.289274333324
135,0.136111175964,0.390833519552,0.170138969954,0.0612500291836,0.0606993228898,0.0269976092853,0.00181192008626,0.0108715205176,0.0690341552866,0.643227590159,0.0393186658719,0.0385576594357,0.433975075714,0.133551661862,0.404695947877
136,0.0189437459141,0.113662475485,0.0909299803876,0.0202066623084,0.105124024526,0.0138843051262,0.00198347216087,0.0079338886435,0.0257851380914,0.568312377423,0.0569256510171,0.0569256510171,0.573605301882,0.157556821118,0.531754271273
137,0.0540041060974,0.195396674789,0.12077281909,0.0274929994678,0.0382115762973,0.0455678155844,0.0,0.000204339980199,0.0551717946538,0.736419628601,0.0246434016121,0.0426866218637,0.457258770152,0.111433157694,0.413200910288
138,0.0476689233788,0.253558103079,0.1399640729,0.0466546909665,0.0794472472941,0.0298218406265,0.00116491564947,0.0041936963381,0.084106909892,0.698075176556,0.0324545499943,0.0670292464707,0.457741434265,0.136556142683,0.419934835368
139,0.049301340844,0.145806093134,0.120630940363,0.0115386116869,0.116464896581,0.0335754656811,0.0,0.0,0.0167877328405,0.710588989516,0.0164729628498,0.0698789379488,0.503896174524,0.141959673536,0.403108850749
140,0.0417395721421,0.253648169171,0.144483134338,0.0417395721421,0.0991362368692,0.019582466542,0.0146868499066,0.00887330515188,0.0538517829907,0.71467047443,0.0268035010794,0.0540353686145,0.3824370524,0.325109210226,0.362699176915
141,0.044141942872,0.340260809638,0.174728523868,0.0266690904852,0.0809193184463,0.0351070194816,0.00031486116127,0.00062972232254,0.0295969491594,0.691649840169,0.0188759266182,0.0489136814033,0.441709705991,0.0778063477202,0.400107756122
142,0.0565971704907,0.194945809468,0.0807033727367,0.0597414577402,0.0963073488352,0.0430996444495,0.0,0.000280779442668,0.0343954817269,0.703327411068,0.034830689863,0.0646213887301,0.529558581743,0.155673782315,0.36286338577
143,0.0962840937385,0.390913420578,0.178125573416,0.0365879556206,0.0745838394869,0.0259689606134,0.000615378213588,0.000738453856305,0.0403688108114,0.634558027306,0.0179444287082,0.0525779145689,0.471617515232,0.0904386850137,0.400784737139
144,0.0147990316951,0.350243750118,0.125298468352,0.0759683627016,0.0605639541215,0.0130690637841,0.00924397194488,0.0267756428748,0.077458109745,0.712787429662,0.0210380051159,0.049407436257,0.330784670803,0.258691315156,0.397126127049
145,0.0684644336571,0.312844426017,0.13502707749,0.0503974303309,0.0737501964915,0.0132769736128,0.000193824432304,0.000969122161515,0.0369235543539,0.725000133475,0.0268156102092,0.062130421775,0.372373030345,0.159879409249,0.41864247231
146,0.133899724118,0.424330111641,0.221594613857,0.0518625692005,0.0786407580404,0.0244946623405,0.0,0.000257838550953,0.0146967974042,0.618331674522,0.00819926592027,0.0478548350567,0.447918117301,0.1145388946,0.380498791745
147,0.0948226915495,0.376417351303,0.181025138413,0.0680041525254,0.0572445295679,0.0246834210063,0.00113788820242,0.00157553751104,0.0399136169464,0.653285451771,0.0315019972347,0.0534107216244,0.489691731295,0.119054586764,0.349058647087
148,0.142929163922,0.283161551166,0.158210898429,0.0521376824369,0.0838673933599,0.0190314469548,0.0,0.00129026759016,0.0151606441843,0.720057718384,0.0183540564699,0.0646746629564,0.476955733618,0.100315408803,0.321654416836
149,0.0346082915881,0.298620115988,0.114701766406,0.0514180332165,0.0749906267212,0.0222976824367,0.00680666095435,0.0550400687516,0.0335638798783,0.724692421599,0.0395607828916,0.0463439726013,0.356966346018,0.198498924655,0.433343060416
150,0.0720949823283,0.350175628452,0.159170740205,0.0655408930257,0.0958630543103,0.0226033110349,0.0,0.000982752653685,0.00741531547784,0.676926348553,0.039167160307,0.0805499811423,0.482081015399,0.102647247252,0.351570209144
151,0.0732867668411,0.258335853115,0.145657449097,0.0412238063481,0.0517318354172,0.0184756555062,0.00954575534482,0.0181677279144,0.0443415732147,0.751952763942,0.0282677529244,0.0323939826541,0.452639562079,0.131680936921,0.331764086513
152,0.157333313481,0.458117589252,0.212862718238,0.0444235238063,0.0822153772196,0.00982574020431,0.0,0.000100262655146,0.00210551575806,0.575671810793,0.0224187296906,0.0683490520129,0.491555924514,0.0775373790309,0.356396775754
153,0.0833323692458,0.310780718246,0.206860351892,0.0568620872501,0.0732006277294,0.0247630376334,0.0,0.000181414195116,0.00408181939012,0.683014122059,0.0162819240117,0.0524468438081,0.409189949427,0.136651911814,0.434538953416
154,0.0626656912543,0.291009168975,0.104728963466,0.0815512420433,0.0650887726916,0.00325443863458,0.0,0.00325443863458,0.00542406439096,0.782128871058,0.0128007919626,0.0272288032427,0.398116267512,0.151396327082,0.308921532177
155,0.0317232427555,0.273612968766,0.113014052316,0.0376713507721,0.095292102458,0.0312734699186,0.012877311143,0.0224433137063,0.0338489321473,0.72444905331,0.0282564998794,0.0385583487938,0.396977051041,0.16168511525,0.432689169816
156,0.027966987934,0.089893889788,0.0439481238964,0.0149823149647,0.0755173656912,0.0271390532953,0.0,0.047198353557,0.0235991767785,0.733509170145,0.0174633908161,0.0436584770403,0.519580551278,0.0742257930398,0.405014653326
157,0.0145167838693,0.128577228556,0.105765139619,0.0311073940056,0.12875389588,0.0452760952546,0.0,0.0,0.0155636577437,0.715616106232,0.0339570714409,0.0775353131234,0.505829949267,0.131240296974,0.39984288728
158,0.0337760117923,0.214302971372,0.11646900618,0.0104822105562,0.0872758917447,0.0391622591162,0.00559460844516,0.0123081385793,0.067135301342,0.665537178173,0.0167838253355,0.0687017917067,0.44652400735,0.258555641912,0.459610412539
159,0.0382172891662,0.229303734997,0.10191277111,0.0691550946816,0.0700322845902,0.0144287621517,0.00457497336519,0.00668649953374,0.0556035224384,0.788909558204,0.01991873019,0.0690820978143,0.384166210606,0.195161716341,0.33060752939
160,0.0598135056536,0.249041687176,0.109839346746,0.0739512433535,0.0519030524827,0.0377890645269,0.00455289934059,0.0177563074282,0.0651064605703,0.69712710552,0.0286832658457,0.0382443544609,0.46914679057,0.243579412594,0.374792081446
161,0.0556763101542,0.35744191119,0.128055513355,0.0311787336863,0.0641768369599,0.0229459081867,0.00681206649295,0.0204361994789,0.0272482659718,0.642156215275,0.0134448680782,0.0318015946276,0.406693241826,0.260812787793,0.446020173465
162,0.0573162338076,0.138026848761,0.0456190432346,0.0128669096303,0.105266293853,0.0601521679162,0.0,0.0551394872565,0.0852155712146,0.604354846271,0.0275697436283,0.170431142429,0.612709982395,0.167102722471,0.389906352432
163,0.0297276529189,0.205018295992,0.079957135437,0.0225520125591,0.114696600193,0.0333662836926,0.00312808909619,0.00312808909619,0.0417078546158,0.735166616942,0.0175172989386,0.0538031324543,0.467527620997,0.188057341072,0.36950651789
164,0.107219335308,0.337932369319,0.159871687468,0.0306340958023,0.117349520163,0.0201097876202,0.0,0.000254554273672,0.00152732564203,0.690227472035,0.0159350975319,0.0669223185486,0.462967535611,0.157856470935,0.336491487277
165,0.0900072815537,0.309155445337,0.16338278282,0.0567437209795,0.125331306356,0.057043570508,0.000548495870268,0.000822743805403,0.0219398348107,0.668775713037,0.0311545654313,0.0763506251414,0.482617869548,0.111639992421,0.384082154919
166,0.0225854010483,0.212948067027,0.0914170994812,0.0408688209445,0.0895092576067,0.0410250764031,0.0039959490003,0.0231765042017,0.0290372294022,0.689883532087,0.0600990729644,0.0578613415244,0.490086320247,0.153800058568,0.4316089092
167,0.0523970235095,0.189270880841,0.0652289476343,0.0256638482496,0.0583506056477,0.0417737290432,0.00685177566318,0.0638762311825,0.0729382570595,0.727674812055,0.0240917273318,0.0655118163407,0.456557156566,0.231052448608,0.381717405224
168,0.0491660344353,0.325724978134,0.179251167212,0.029704479138,0.0964334863906,0.0192292963934,0.0,0.000287004423782,0.00832312828967,0.681467994299,0.0197172039138,0.0533828228234,0.413668304637,0.196811827582,0.413812251851
169,0.0576236771438,0.17415155759,0.0793926218426,0.0179273662225,0.151970408507,0.104977065228,0.00037897857483,0.00189489287415,0.0822383507382,0.507166815611,0.0290297588319,0.088112518648,0.592938830616,0.163440188024,0.524147140111
170,0.0462543740888,0.213400862273,0.0914575124029,0.0210247154949,0.089506394147,0.0439119715645,0.00286016673026,0.0205259024171,0.0745325800886,0.704143042624,0.0328414438675,0.0560929169334,0.512353462921,0.169831189403,0.369051122421
171,0.0511013943662,0.151300206849,0.0801590499861,0.0350695843689,0.111574688818,0.0237096213738,0.00418405083067,0.0334724066454,0.0209202541533,0.748059627439,0.0288699507316,0.0633883700846,0.428195896063,0.145758466702,0.428033762061
172,0.0657046275511,0.179021304052,0.046659807971,0.022853783496,0.0604234948642,0.0206782626869,0.00107419546426,0.00698227051764,0.0923808099257,0.763458510861,0.014662768087,0.0487684740771,0.502569821897,0.157265715041,0.292405442063
173,0.0186395983823,0.192974665605,0.126091400822,0.0153502574913,0.0870363923687,0.0399117158376,0.00528950450859,0.0226006101731,0.0783808395364,0.711911061716,0.0278901146817,0.0381806052711,0.391314770237,0.253464786133,0.451667407296
174,0.0197018763935,0.196033670115,0.112300695443,0.0187167825738,0.0789476758993,0.00636674805639,0.0,0.00509339844512,0.0292870410594,0.748671302953,0.0379458184161,0.0485146201897,0.451426515251,0.143190294814,0.390477009611
175,0.067128184751,0.259072838023,0.135305247389,0.0272708250551,0.120235760857,0.0699330445802,0.0,0.0,0.0466220297201,0.661454523166,0.0265009432094,0.14501905034,0.487301023922,0.151557058541,0.41001980427
176,0.0781624325037,0.231627696322,0.0791156329001,0.0305024126844,0.0875153757398,0.00747082475828,0.0,0.00106726067975,0.00853808543803,0.747895695626,0.013020580293,0.056137911755,0.487334284362,0.141879561665,0.32398655036
